image: huawei_ilab.pgm
resolution: 0.025300
origin: [-21.200000, -3.940000, 0.000000]
negate: 0
occupied_thresh: 0.65
free_thresh: 0.196

