image: Infineon.pgm
resolution: 0.0257478632
origin: [-11.6000, -19.5000, 0.000000]
negate: 0
occupied_thresh: 0.65
free_thresh: 0.196

