image: liphy_office.pgm
resolution: 0.011556
origin: [-2.40000, -0.60000, 0.000000]
negate: 0
occupied_thresh: 0.65
free_thresh: 0.196

